// all the areas that the number of points are not five are manually adjusted;
// bottomright goes a different direction from other areas due to the excel worksheet in use;
// bottomright first row
{cod:[782,103,812,107,830,77,800,73,782,103], sdf:95},
{cod:[764,133,794,137,812,107,782,103,764,133], sdf:95},
{cod:[746,163,776,167,794,137,764,133,746,163], sdf:95},
{cod:[728,193,758,197,776,167,746,163,728,193], sdf:95},
{cod:[710,223,740,227,758,197,728,193,710,223], sdf:95},
{cod:[692,253,722,257,740,227,710,223,692,253], sdf:95},
{cod:[674,283,704,287,722,257,692,253,674,283], sdf:95},
{cod:[656,313,686,317,704,287,674,283,656,313], sdf:95},
// bottomright second row
{cod:[812,107,842,111,860,81,830,77,812,107], sdf:80},
{cod:[794,137,824,141,842,111,812,107,794,137], sdf:80},
{cod:[776,167,806,171,824,141,794,137,776,167], sdf:80},
{cod:[758,197,788,201,806,171,776,167,758,197], sdf:80},
{cod:[740,227,770,231,788,201,758,197,740,227], sdf:80},
{cod:[722,257,752,261,770,231,740,227,722,257], sdf:80},
{cod:[704,287,734,291,752,261,722,257,704,287], sdf:80},
{cod:[686,317,716,321,734,291,704,287,686,317], sdf:80},
{cod:[656,313,698,351,716,321,656,313], sdf:90},
// bottomright third row
{cod:[842,111,872,115,890,87,860,81,842,111], sdf:60},
{cod:[824,141,854,145,872,115,842,111,824,141], sdf:60},
{cod:[806,171,836,175,854,145,824,141,806,171], sdf:60},
{cod:[788,201,818,205,836,175,806,171,788,201], sdf:60},
{cod:[770,231,800,235,818,205,788,201,770,231], sdf:60},
{cod:[752,261,782,265,800,235,770,231,752,261], sdf:60},
{cod:[734,291,764,295,782,265,752,261,734,291], sdf:60},
{cod:[716,321,746,325,764,295,734,291,716,321], sdf:60},
{cod:[698,351,728,355,746,325,716,321,698,351], sdf:80},
// bottomright fourth row
{cod:[872,115,902,119,915,97,890,87,872,115], sdf:40},
{cod:[854,145,884,149,902,119,872,115,854,145], sdf:40},
{cod:[836,175,866,179,884,149,854,145,836,175], sdf:40},
{cod:[818,205,848,209,866,179,836,175,818,205], sdf:40},
{cod:[800,235,830,239,848,209,818,205,800,235], sdf:40},
{cod:[782,265,812,269,830,239,800,235,782,265], sdf:40},
{cod:[764,295,794,299,812,269,782,265,764,295], sdf:40},
{cod:[746,325,776,329,794,299,764,295,746,325], sdf:40},
{cod:[728,355,758,359,776,329,746,325,728,355], sdf:70},
{cod:[698,351,742,382,758,359,698,351], sdf:80},
// bottomright fifth row
{cod:[902,119,962,127,915,97,902,119], sdf:10},
{cod:[884,149,914,153,932,123,902,119,884,149], sdf:20},
{cod:[866,179,896,183,914,153,884,149,866,179], sdf:20},
{cod:[848,209,878,213,896,183,866,179,848,209], sdf:20},
{cod:[830,239,860,243,878,213,848,209,830,239], sdf:20},
{cod:[812,269,842,273,860,243,830,239,812,269], sdf:20},
{cod:[794,299,824,303,842,273,812,269,794,299], sdf:20},
{cod:[776,329,806,333,824,303,794,299,776,329], sdf:20},
{cod:[758,359,788,363,806,333,776,329,758,359], sdf:40},
{cod:[742,382,770,393,788,363,758,359,742,382],  sdf:70},
// bottomright sixth row
{cod:[914,153,944,157,962,127,932,123,914,153], sdf:10},
{cod:[896,183,926,187,944,157,914,153,896,183], sdf:10},
{cod:[878,213,908,217,926,187,896,183,878,213], sdf:10},
{cod:[860,243,890,247,908,217,878,213,860,243], sdf:10},
{cod:[842,273,872,277,890,247,860,243,842,273], sdf:10},
{cod:[824,303,854,307,872,277,842,273,824,303], sdf:10},
{cod:[806,333,836,337,854,307,824,303,806,333], sdf:10},
{cod:[788,363,818,367,836,337,806,333,788,363], sdf:30},
{cod:[770,393,800,397,818,367,788,363,770,393], sdf:50},
// bottomright seventh row
{cod:[926,187,956,191,974,161,944,157,926,187], sdf:7},
{cod:[908,217,938,221,956,191,926,187,908,217], sdf:7},
{cod:[890,247,920,251,938,221,908,217,890,247], sdf:7},
{cod:[872,277,902,281,920,251,890,247,872,277], sdf:7},
{cod:[854,307,884,311,902,281,872,277,854,307], sdf:7},
{cod:[836,337,866,341,884,311,854,307,836,337], sdf:7},
{cod:[818,367,848,371,866,341,836,337,818,367], sdf:10},
{cod:[800,397,830,401,848,371,818,367,800,397], sdf:40},
// bottomright eighth row
{cod:[920,251,950,255,968,225,938,221,920,251], sdf:5},
{cod:[902,281,932,285,950,255,920,251,902,281], sdf:5},
{cod:[884,311,914,315,932,285,902,281,884,311], sdf:6},
{cod:[866,341,896,345,914,315,884,311,866,341], sdf:6},
{cod:[848,371,878,375,896,345,866,341,848,371], sdf:6},
{cod:[830,401,860,405,878,375,848,371,830,401], sdf:30},
// bottomright ninth row
{cod:[932,285,962,289,980,259,950,255,932,285], sdf:4},
{cod:[914,315,944,319,962,289,932,285,914,315], sdf:4},
{cod:[896,345,974,323,914,315,896,345], sdf:4},
{cod:[860,405,917,421,873,384,860,405], sdf:10},
// bottomright tenth row
{cod:[962,289,992,293,1010,263,980,259,962,289], sdf:3},
{cod:[944,319,974,323,992,293,962,289,944,319], sdf:3},
// bottomright eleventh row
{cod:[976,319,1006,323,1024,293,994,289,976,319], sdf:2},
//bottomleft first row
{cod:[621,252,651,247,670,217,640,222,621,252], sdf:95},
{cod:[591,257,621,252,640,222,610,227,591,257], sdf:90},
{cod:[561,262,591,257,610,227,580,232,561,262], sdf:85},
{cod:[531,267,561,262,580,232,550,237,531,267], sdf:80},
{cod:[501,272,531,267,550,237,520,242,501,272], sdf:70},
{cod:[471,277,501,272,520,242,490,247,471,277], sdf:65},
{cod:[441,282,471,277,490,247,460,252,441,282], sdf:60},
{cod:[411,287,441,282,460,252,430,257,411,287], sdf:55},
{cod:[381,292,411,287,430,257,400,262,381,292], sdf:50},
{cod:[351,297,381,292,400,262,370,267,351,297], sdf:45},
{cod:[321,302,351,297,370,267,340,272,321,302], sdf:40},
{cod:[321,302,340,272,280,282,321,302], sdf:30},
//bottomleft second row
{cod:[640,222,670,217,689,187,659,192,640,222], sdf:95},
{cod:[610,227,640,222,659,192,629,197,610,227], sdf:85},
{cod:[580,232,610,227,629,197,599,202,580,232], sdf:80},
{cod:[550,237,580,232,599,202,569,207,550,237], sdf:70},
{cod:[520,242,550,237,569,207,539,212,520,242], sdf:60},
{cod:[490,247,520,242,539,212,509,217,490,247], sdf:50},
{cod:[460,252,490,247,509,217,479,222,460,252], sdf:45},
{cod:[430,257,460,252,479,222,449,227,430,257], sdf:40},
{cod:[400,262,430,257,449,227,419,232,400,262], sdf:40},
{cod:[370,267,400,262,419,232,389,237,370,267], sdf:35},
{cod:[340,272,370,267,389,237,359,242,340,272], sdf:30},
{cod:[310,277,340,272,359,242,329,247,310,277], sdf:30},
{cod:[280,282,310,277,329,247,299,252,280,282], sdf:25},
{cod:[256,277,280,282,299,252,269,257,256,277], sdf:25},
{cod:[226,282,256,277,275,247,245,252,226,282], sdf:20},
//bottomleft third row
{cod:[659,192,689,187,708,157,678,162,659,192], sdf:95},
{cod:[629,197,659,192,678,162,648,167,629,197], sdf:85},
{cod:[599,202,629,197,648,167,618,172,599,202], sdf:70},
{cod:[569,207,599,202,618,172,588,177,569,207], sdf:50},
{cod:[539,212,569,207,588,177,558,182,539,212], sdf:30},
{cod:[509,217,539,212,558,182,528,187,509,217], sdf:20},
{cod:[479,222,509,217,528,187,498,192,479,222], sdf:20},
{cod:[449,227,479,222,498,192,468,197,449,227], sdf:20},
{cod:[419,232,449,227,468,197,438,202,419,232], sdf:20},
{cod:[389,237,419,232,438,202,408,207,389,237], sdf:20},
{cod:[359,242,389,237,408,207,378,212,359,242], sdf:20},
{cod:[329,247,359,242,378,212,348,217,329,247], sdf:10},
{cod:[299,252,329,247,348,217,318,222,299,252], sdf:10},
{cod:[269,257,299,252,318,222,288,227,269,257], sdf:10},
//bottomleft fourth row
{cod:[678,162,708,157,726,85,678,162], sdf:95},
{cod:[648,167,678,162,697,132,667,137,648,167], sdf:85},
{cod:[618,172,648,167,667,137,637,142,618,172], sdf:70},
{cod:[588,177,618,172,637,142,607,147,588,177], sdf:50},
{cod:[558,182,588,177,607,147,577,152,558,182], sdf:30},
{cod:[528,187,558,182,577,152,547,157,528,187], sdf:10},
{cod:[498,192,528,187,547,157,517,162,498,192], sdf:10},
{cod:[468,197,498,192,517,162,487,167,468,197], sdf:10},
{cod:[438,202,468,197,487,167,457,172,438,202], sdf:10},
{cod:[408,207,438,202,457,172,427,177,408,207], sdf:10},
{cod:[378,212,408,207,427,177,397,182,378,212], sdf:10},
{cod:[348,217,378,212,397,182,367,187,348,217], sdf:6},
{cod:[318,222,348,217,367,187,337,192,318,222], sdf:6},
{cod:[288,227,318,222,337,192,307,197,288,227], sdf:6},
//bottomleft fifth row
{cod:[667,137,697,132,716,102,686,107,667,137], sdf:85},
{cod:[637,142,667,137,686,107,656,112,637,142], sdf:70},
{cod:[607,147,637,142,656,112,626,117,607,147], sdf:50},
{cod:[577,152,607,147,626,117,596,122,577,152], sdf:30},
{cod:[547,157,577,152,596,122,566,127,547,157], sdf:10},
{cod:[517,162,547,157,566,127,536,132,517,162], sdf:9},
{cod:[487,167,517,162,536,132,506,137,487,167], sdf:8},
{cod:[457,172,487,167,506,137,476,142,457,172], sdf:7},
{cod:[427,177,457,172,476,142,446,147,427,177], sdf:6},
{cod:[397,182,427,177,446,147,416,152,397,182], sdf:5},
{cod:[367,187,397,182,416,152,386,157,367,187], sdf:4},
{cod:[337,192,367,187,386,157,356,162,337,192], sdf:3},
{cod:[307,197,337,192,375,132,307,197], sdf:2},
//bottomleft sixth row
{cod:[686,107,716,102,726,85,705,77,686,107], sdf:95},
{cod:[656,112,686,107,705,77,675,82,656,112], sdf:85},
{cod:[626,117,656,112,675,82,645,87,626,117], sdf:50},
{cod:[596,122,626,117,645,87,615,92,596,122], sdf:30},
{cod:[566,127,596,122,615,92,585,97,566,127], sdf:10},
{cod:[536,132,566,127,585,97,555,102,536,132], sdf:8},
{cod:[506,137,536,132,555,102,525,107,506,137], sdf:7},
{cod:[476,142,506,137,525,107,495,112,476,142], sdf:6},
{cod:[446,147,476,142,495,112,465,117,446,147], sdf:5},
{cod:[416,152,446,147,465,117,435,122,416,152], sdf:4},
{cod:[386,157,416,152,435,122,405,127,386,157], sdf:3},
{cod:[356,162,386,157,405,127,375,132,356,162], sdf:2},
//left first row
{cod:[296,315,266,303,251,323,281,335,296,315], sdf:30},
{cod:[266,303,236,291,221,311,251,323,266,303], sdf:25},
{cod:[236,291,206,279,191,299,221,311,236,291], sdf:20},
//topleft zero row
{cod:[405,327,495,306,422,297,405,327], sdf:50},
{cod:[375,334,405,327,422,297,392,304,375,334], sdf:40},
{cod:[345,341,375,334,392,304,362,311,345,341], sdf:30},
{cod:[315,348,345,341,362,311,332,318,315,348], sdf:20},
//topleft first row
{cod:[598,308,628,301,645,271,615,278,598,308], sdf:95},
{cod:[568,315,598,308,615,278,585,285,568,315], sdf:90},
{cod:[538,322,568,315,585,285,555,292,538,322], sdf:80},
{cod:[508,329,538,322,555,292,525,299,508,329], sdf:70},
{cod:[478,336,508,329,525,299,495,306,478,336], sdf:60},
{cod:[448,343,478,336,495,306,465,313,448,343], sdf:50},
{cod:[418,350,448,343,465,313,435,320,418,350], sdf:45},
{cod:[388,357,418,350,435,320,405,327,388,357], sdf:40},
{cod:[358,364,388,357,405,327,375,334,358,364], sdf:30},
{cod:[328,371,358,364,375,334,345,341,328,371], sdf:20},
{cod:[298,378,328,371,345,341,315,348,298,378], sdf:15},
{cod:[268,385,298,378,315,348,285,355,268,385], sdf:10},
{cod:[238,392,268,385,285,355,255,362,238,392], sdf:10},
{cod:[208,399,238,392,255,362,225,369,208,399], sdf:10},
//topleft second row
{cod:[581,338,611,331,628,301,598,308,581,338], sdf:95},
{cod:[551,345,581,338,598,308,568,315,551,345], sdf:80},
{cod:[521,352,551,345,568,315,538,322,521,352], sdf:70},
{cod:[491,359,521,352,538,322,508,329,491,359], sdf:60},
{cod:[461,366,491,359,508,329,478,336,461,366], sdf:50},
{cod:[431,373,461,366,478,336,448,343,431,373], sdf:40},
{cod:[401,380,431,373,448,343,418,350,401,380], sdf:30},
{cod:[371,387,401,380,418,350,388,357,371,387], sdf:25},
{cod:[341,394,371,387,388,357,358,364,341,394], sdf:20},
{cod:[311,401,341,394,358,364,328,371,311,401], sdf:15},
{cod:[281,408,311,401,328,371,298,378,281,408], sdf:10},
{cod:[251,415,281,408,298,378,268,385,251,415], sdf:10},
{cod:[221,422,251,415,268,385,238,392,221,422], sdf:5},
{cod:[191,429,221,422,238,392,208,399,191,429], sdf:2},
//topleft third row
{cod:[534,375,564,368,581,338,551,345,534,375], sdf:80},
{cod:[504,382,534,375,551,345,521,352,504,382], sdf:60},
{cod:[474,389,504,382,521,352,491,359,474,389], sdf:50},
{cod:[444,396,474,389,491,359,461,366,444,396], sdf:40},
{cod:[414,403,444,396,461,366,431,373,414,403], sdf:30},
{cod:[384,410,414,403,431,373,401,380,384,410], sdf:20},
{cod:[354,417,384,410,401,380,371,387,354,417], sdf:15},
{cod:[324,424,354,417,371,387,341,394,324,424], sdf:10},
{cod:[294,431,324,424,341,394,311,401,294,431], sdf:8},
{cod:[264,438,294,431,311,401,281,408,264,438], sdf:5},
{cod:[234,445,264,438,281,408,251,415,234,445], sdf:5},
{cod:[234,445,251,415,191,429,234,445], sdf:2},
//topleft fourth row
{cod:[517,405,547,398,564,368,534,375,517,405], sdf:70},
{cod:[487,412,517,405,534,375,504,382,487,412], sdf:60},
{cod:[457,419,487,412,504,382,474,389,457,419], sdf:50},
{cod:[427,426,457,419,474,389,444,396,427,426], sdf:40},
{cod:[397,433,427,426,444,396,414,403,397,433], sdf:30},
{cod:[367,440,397,433,414,403,384,410,367,440], sdf:20},
{cod:[337,447,367,440,384,410,354,417,337,447], sdf:10},
{cod:[307,454,337,447,354,417,324,424,307,454], sdf:8},
{cod:[277,461,307,454,324,424,294,431,277,461], sdf:5},
{cod:[277,461,294,431,234,445,277,461], sdf:2},
//topleft fifth row
{cod:[380,463,410,456,427,426,397,433,380,463], sdf:20},
{cod:[350,470,380,463,397,433,367,440,350,470], sdf:15},
{cod:[320,477,350,470,367,440,337,447,320,477], sdf:10},
{cod:[320,477,337,447,277,461,320,477], sdf:5},
//topleft sixth row
{cod:[363,493,393,486,410,456,380,463,363,493], sdf:10},
{cod:[363,493,380,463,320,477,363,493], sdf:5},
//top first row
{cod:[631,339,629,365,599,388,601,362,631,339], sdf:90},
{cod:[629,365,627,391,597,414,599,388,629,365], sdf:60},
{cod:[627,391,625,417,595,440,597,414,627,391], sdf:30},
{cod:[625,417,623,443,593,466,595,440,625,417], sdf:20},
{cod:[623,443,621,469,591,492,593,466,623,443], sdf:10},
//top second row
{cod:[601,362,599,388,569,411,571,385,601,362], sdf:80},
{cod:[599,388,597,414,567,437,569,411,599,388], sdf:45},
{cod:[597,414,595,440,565,463,567,437,597,414], sdf:30},
{cod:[595,440,591,492,563,489,565,463,595,440], sdf:10},
//top third row
{cod:[571,385,569,411,539,434,541,408,571,385], sdf:70},
{cod:[569,411,567,437,537,460,539,434,569,411], sdf:40},
{cod:[567,437,563,489,535,486,537,460,567,437], sdf:10},
//top fourth row
{cod:[541,408,539,434,509,457,511,431,541,408], sdf:50},
{cod:[539,434,535,486,507,483,509,457,539,434], sdf:10},
//top fifth row (+2, -26)
{cod:[511,431,507,483,479,480,481,454,511,431], sdf:40},
{cod:[541,408,481,454,483,428,541,408], sdf:10},
//top sixth row (-30, +23)
{cod:[483,428,481,454,451,477,453,451,483,428], sdf:30},
{cod:[481,454,479,480,421,500,481,454], sdf:10},
//top seventh row
{cod:[453,451,451,477,421,500,423,474,453,451], sdf:20},
{cod:[483,428,423,474,425,448,483,428], sdf:40},
{cod:[425,448,421,500,394,497,425,448], sdf:10},
//topright first row
{cod:[645,342,644,372,665,387,666,357,645,342], sdf:90},
{cod:[666,357,665,387,686,402,687,372,666,357], sdf:80},
{cod:[687,372,686,402,707,417,708,387,687,372], sdf:60},
{cod:[708,387,707,417,728,432,729,402,708,387], sdf:50},
{cod:[729,402,728,432,749,447,750,417,729,402], sdf:40},
{cod:[750,417,749,447,770,462,771,432,750,417], sdf:30},
{cod:[771,432,770,462,791,477,792,447,771,432], sdf:20},
{cod:[792,447,791,477,834,477,792,447], sdf:10},
//topright second row
{cod:[644,372,643,402,664,417,665,387,644,372], sdf:70},
{cod:[665,387,664,417,685,432,686,402,665,387], sdf:50},
{cod:[686,402,685,432,706,447,707,417,686,402], sdf:40},
{cod:[707,417,706,447,727,462,728,432,707,417], sdf:30},
{cod:[728,432,727,462,748,477,749,447,728,432], sdf:20},
{cod:[749,447,748,477,791,477,749,447], sdf:10},
//topright third row
{cod:[643,402,642,432,663,447,664,417,643,402], sdf:40},
{cod:[664,417,663,447,684,462,685,432,664,417], sdf:30},
{cod:[685,432,684,462,705,477,706,447,685,432], sdf:20},
{cod:[706,447,705,477,748,477,706,447], sdf:10},
//topright fourth row
{cod:[642,432,641,462,662,477,663,447,642,432], sdf:10},
{cod:[663,447,662,477,705,477,663,447], sdf:10},
//topright zero row
{cod:[708,387,771,432,772,402,708,387], sdf:50},
{cod:[772,402,771,432,792,447,793,417,772,402], sdf:40},
{cod:[793,417,792,447,813,462,814,432,793,417], sdf:30},
{cod:[814,432,813,462,834,477,835,447,814,432], sdf:20},
{cod:[835,447,834,477,877,477,835,447], sdf:10},
//topright -1 row
{cod:[772,402,835,447,836,417,772,402], sdf:40},
{cod:[836,417,835,447,856,462,857,432,836,417], sdf:30},
{cod:[857,432,856,462,877,477,878,447,857,432], sdf:20},
//topright -2 row
{cod:[836,417,878,447,879,423,836,417], sdf:20},
{cod:[879,423,877,477,899,462,900,437,879,423], sdf:10}