// all the areas that the number of points are not five are manually adjusted;
// bottomright goes a different direction from other areas due to the excel worksheet in use;
// bottomright first row
{cod:[782,477,812,473,830,503,800,507,782,477], sdf:95},
{cod:[764,447,794,443,812,473,782,477,764,447], sdf:95},
{cod:[746,417,776,413,794,443,764,447,746,417], sdf:95},
{cod:[728,387,758,383,776,413,746,417,728,387], sdf:95},
{cod:[710,357,740,353,758,383,728,387,710,357], sdf:95},
{cod:[692,327,722,323,740,353,710,357,692,327], sdf:95},
{cod:[674,297,704,293,722,323,692,327,674,297], sdf:95},
{cod:[656,267,686,263,704,293,674,297,656,267], sdf:95},
// bottomright second row
{cod:[812,473,842,469,860,499,830,503,812,473], sdf:80},
{cod:[794,443,824,439,842,469,812,473,794,443], sdf:80},
{cod:[776,413,806,409,824,439,794,443,776,413], sdf:80},
{cod:[758,383,788,379,806,409,776,413,758,383], sdf:80},
{cod:[740,353,770,349,788,379,758,383,740,353], sdf:80},
{cod:[722,323,752,319,770,349,740,353,722,323], sdf:80},
{cod:[704,293,734,289,752,319,722,323,704,293], sdf:80},
{cod:[686,263,716,259,734,289,704,293,686,263], sdf:80},
{cod:[656,267,698,229,716,259,656,267], sdf:90},
// bottomright third row
{cod:[842,469,872,465,890,493,860,499,842,469], sdf:60},
{cod:[824,439,854,435,872,465,842,469,824,439], sdf:60},
{cod:[806,409,836,405,854,435,824,439,806,409], sdf:60},
{cod:[788,379,818,375,836,405,806,409,788,379], sdf:60},
{cod:[770,349,800,345,818,375,788,379,770,349], sdf:60},
{cod:[752,319,782,315,800,345,770,349,752,319], sdf:60},
{cod:[734,289,764,285,782,315,752,319,734,289], sdf:60},
{cod:[716,259,746,255,764,285,734,289,716,259], sdf:60},
{cod:[698,229,728,225,746,255,716,259,698,229], sdf:80},
// bottomright fourth row
{cod:[872,465,902,461,915,483,890,493,872,465], sdf:40},
{cod:[854,435,884,431,902,461,872,465,854,435], sdf:40},
{cod:[836,405,866,401,884,431,854,435,836,405], sdf:40},
{cod:[818,375,848,371,866,401,836,405,818,375], sdf:40},
{cod:[800,345,830,341,848,371,818,375,800,345], sdf:40},
{cod:[782,315,812,311,830,341,800,345,782,315], sdf:40},
{cod:[764,285,794,281,812,311,782,315,764,285], sdf:40},
{cod:[746,255,776,251,794,281,764,285,746,255], sdf:40},
{cod:[728,225,758,221,776,251,746,255,728,225], sdf:70},
{cod:[698,229,742,198,758,221,698,229], sdf:80},
// bottomright fifth row
{cod:[902,461,962,453,915,483,902,461], sdf:10},
{cod:[884,431,914,427,932,457,902,461,884,431], sdf:20},
{cod:[866,401,896,397,914,427,884,431,866,401], sdf:20},
{cod:[848,371,878,367,896,397,866,401,848,371], sdf:20},
{cod:[830,341,860,337,878,367,848,371,830,341], sdf:20},
{cod:[812,311,842,307,860,337,830,341,812,311], sdf:20},
{cod:[794,281,824,277,842,307,812,311,794,281], sdf:20},
{cod:[776,251,806,247,824,277,794,281,776,251], sdf:20},
{cod:[758,221,788,217,806,247,776,251,758,221], sdf:40},
{cod:[742,198,770,187,788,217,758,221,742,198],  sdf:70},
// bottomright sixth row
{cod:[914,427,944,423,962,453,932,457,914,427], sdf:10},
{cod:[896,397,926,393,944,423,914,427,896,397], sdf:10},
{cod:[878,367,908,363,926,393,896,397,878,367], sdf:10},
{cod:[860,337,890,333,908,363,878,367,860,337], sdf:10},
{cod:[842,307,872,303,890,333,860,337,842,307], sdf:10},
{cod:[824,277,854,273,872,303,842,307,824,277], sdf:10},
{cod:[806,247,836,243,854,273,824,277,806,247], sdf:10},
{cod:[788,217,818,213,836,243,806,247,788,217], sdf:30},
{cod:[770,187,800,183,818,213,788,217,770,187], sdf:50},
// bottomright seventh row
{cod:[926,393,956,389,974,419,944,423,926,393], sdf:7},
{cod:[908,363,938,359,956,389,926,393,908,363], sdf:7},
{cod:[890,333,920,329,938,359,908,363,890,333], sdf:7},
{cod:[872,303,902,299,920,329,890,333,872,303], sdf:7},
{cod:[854,273,884,269,902,299,872,303,854,273], sdf:7},
{cod:[836,243,866,239,884,269,854,273,836,243], sdf:7},
{cod:[818,213,848,209,866,239,836,243,818,213], sdf:10},
{cod:[800,183,830,179,848,209,818,213,800,183], sdf:40},
// bottomright eighth row
{cod:[920,329,950,325,968,355,938,359,920,329], sdf:5},
{cod:[902,299,932,295,950,325,920,329,902,299], sdf:5},
{cod:[884,269,914,265,932,295,902,299,884,269], sdf:6},
{cod:[866,239,896,235,914,265,884,269,866,239], sdf:6},
{cod:[848,209,878,205,896,235,866,239,848,209], sdf:6},
{cod:[830,179,860,175,878,205,848,209,830,179], sdf:30},
// bottomright ninth row
{cod:[932,295,962,291,980,321,950,325,932,295], sdf:4},
{cod:[914,265,944,261,962,291,932,295,914,265], sdf:4},
{cod:[896,235,974,257,914,265,896,235], sdf:4},
{cod:[860,175,917,159,873,196,860,175], sdf:10},
// bottomright tenth row
{cod:[962,291,992,287,1010,317,980,321,962,291], sdf:3},
{cod:[944,261,974,257,992,287,962,291,944,261], sdf:3},
// bottomright eleventh row
{cod:[976,261,1006,257,1024,287,994,291,976,261], sdf:2},
//bottomleft first row
{cod:[621,328,651,333,670,363,640,358,621,328], sdf:95},
{cod:[591,323,621,328,640,358,610,353,591,323], sdf:90},
{cod:[561,318,591,323,610,353,580,348,561,318], sdf:85},
{cod:[531,313,561,318,580,348,550,343,531,313], sdf:80},
{cod:[501,308,531,313,550,343,520,338,501,308], sdf:70},
{cod:[471,303,501,308,520,338,490,333,471,303], sdf:65},
{cod:[441,298,471,303,490,333,460,328,441,298], sdf:60},
{cod:[411,293,441,298,460,328,430,323,411,293], sdf:55},
{cod:[381,288,411,293,430,323,400,318,381,288], sdf:50},
{cod:[351,283,381,288,400,318,370,313,351,283], sdf:45},
{cod:[321,278,351,283,370,313,340,308,321,278], sdf:40},
{cod:[321,278,340,308,280,298,321,278], sdf:30},
//bottomleft second row
{cod:[640,358,670,363,689,393,659,388,640,358], sdf:95},
{cod:[610,353,640,358,659,388,629,383,610,353], sdf:85},
{cod:[580,348,610,353,629,383,599,378,580,348], sdf:80},
{cod:[550,343,580,348,599,378,569,373,550,343], sdf:70},
{cod:[520,338,550,343,569,373,539,368,520,338], sdf:60},
{cod:[490,333,520,338,539,368,509,363,490,333], sdf:50},
{cod:[460,328,490,333,509,363,479,358,460,328], sdf:45},
{cod:[430,323,460,328,479,358,449,353,430,323], sdf:40},
{cod:[400,318,430,323,449,353,419,348,400,318], sdf:40},
{cod:[370,313,400,318,419,348,389,343,370,313], sdf:35},
{cod:[340,308,370,313,389,343,359,338,340,308], sdf:30},
{cod:[310,303,340,308,359,338,329,333,310,303], sdf:30},
{cod:[280,298,310,303,329,333,299,328,280,298], sdf:25},
{cod:[256,303,280,298,299,328,269,323,256,303], sdf:25},
{cod:[226,298,256,303,275,333,245,328,226,298], sdf:20},
//bottomleft third row
{cod:[659,388,689,393,708,423,678,418,659,388], sdf:95},
{cod:[629,383,659,388,678,418,648,413,629,383], sdf:85},
{cod:[599,378,629,383,648,413,618,408,599,378], sdf:70},
{cod:[569,373,599,378,618,408,588,403,569,373], sdf:50},
{cod:[539,368,569,373,588,403,558,398,539,368], sdf:30},
{cod:[509,363,539,368,558,398,528,393,509,363], sdf:20},
{cod:[479,358,509,363,528,393,498,388,479,358], sdf:20},
{cod:[449,353,479,358,498,388,468,383,449,353], sdf:20},
{cod:[419,348,449,353,468,383,438,378,419,348], sdf:20},
{cod:[389,343,419,348,438,378,408,373,389,343], sdf:20},
{cod:[359,338,389,343,408,373,378,368,359,338], sdf:20},
{cod:[329,333,359,338,378,368,348,363,329,333], sdf:10},
{cod:[299,328,329,333,348,363,318,358,299,328], sdf:10},
{cod:[269,323,299,328,318,358,288,353,269,323], sdf:10},
//bottomleft fourth row
{cod:[678,418,708,423,726,495,678,418], sdf:95},
{cod:[648,413,678,418,697,448,667,443,648,413], sdf:85},
{cod:[618,408,648,413,667,443,637,438,618,408], sdf:70},
{cod:[588,403,618,408,637,438,607,433,588,403], sdf:50},
{cod:[558,398,588,403,607,433,577,428,558,398], sdf:30},
{cod:[528,393,558,398,577,428,547,423,528,393], sdf:10},
{cod:[498,388,528,393,547,423,517,418,498,388], sdf:10},
{cod:[468,383,498,388,517,418,487,413,468,383], sdf:10},
{cod:[438,378,468,383,487,413,457,408,438,378], sdf:10},
{cod:[408,373,438,378,457,408,427,403,408,373], sdf:10},
{cod:[378,368,408,373,427,403,397,398,378,368], sdf:10},
{cod:[348,363,378,368,397,398,367,393,348,363], sdf:6},
{cod:[318,358,348,363,367,393,337,388,318,358], sdf:6},
{cod:[288,353,318,358,337,388,307,383,288,353], sdf:6},
//bottomleft fifth row
{cod:[667,443,697,448,716,478,686,473,667,443], sdf:85},
{cod:[637,438,667,443,686,473,656,468,637,438], sdf:70},
{cod:[607,433,637,438,656,468,626,463,607,433], sdf:50},
{cod:[577,428,607,433,626,463,596,458,577,428], sdf:30},
{cod:[547,423,577,428,596,458,566,453,547,423], sdf:10},
{cod:[517,418,547,423,566,453,536,448,517,418], sdf:9},
{cod:[487,413,517,418,536,448,506,443,487,413], sdf:8},
{cod:[457,408,487,413,506,443,476,438,457,408], sdf:7},
{cod:[427,403,457,408,476,438,446,433,427,403], sdf:6},
{cod:[397,398,427,403,446,433,416,428,397,398], sdf:5},
{cod:[367,393,397,398,416,428,386,423,367,393], sdf:4},
{cod:[337,388,367,393,386,423,356,418,337,388], sdf:3},
{cod:[307,383,337,388,375,448,307,383], sdf:2},
//bottomleft sixth row
{cod:[686,473,716,478,726,495,705,503,686,473], sdf:95},
{cod:[656,468,686,473,705,503,675,498,656,468], sdf:85},
{cod:[626,463,656,468,675,498,645,493,626,463], sdf:50},
{cod:[596,458,626,463,645,493,615,488,596,458], sdf:30},
{cod:[566,453,596,458,615,488,585,483,566,453], sdf:10},
{cod:[536,448,566,453,585,483,555,478,536,448], sdf:8},
{cod:[506,443,536,448,555,478,525,473,506,443], sdf:7},
{cod:[476,438,506,443,525,473,495,468,476,438], sdf:6},
{cod:[446,433,476,438,495,468,465,463,446,433], sdf:5},
{cod:[416,428,446,433,465,463,435,458,416,428], sdf:4},
{cod:[386,423,416,428,435,458,405,453,386,423], sdf:3},
{cod:[356,418,386,423,405,453,375,448,356,418], sdf:2},
//left first row
{cod:[296,265,266,277,251,257,281,245,296,265], sdf:30},
{cod:[266,277,236,289,221,269,251,257,266,277], sdf:25},
{cod:[236,289,206,301,191,281,221,269,236,289], sdf:20},
//topleft zero row
{cod:[405,253,495,274,422,283,405,253], sdf:50},
{cod:[375,246,405,253,422,283,392,276,375,246], sdf:40},
{cod:[345,239,375,246,392,276,362,269,345,239], sdf:30},
{cod:[315,232,345,239,362,269,332,262,315,232], sdf:20},
//topleft first row
{cod:[598,272,628,279,645,309,615,302,598,272], sdf:95},
{cod:[568,265,598,272,615,302,585,295,568,265], sdf:90},
{cod:[538,258,568,265,585,295,555,288,538,258], sdf:80},
{cod:[508,251,538,258,555,288,525,281,508,251], sdf:70},
{cod:[478,244,508,251,525,281,495,274,478,244], sdf:60},
{cod:[448,237,478,244,495,274,465,267,448,237], sdf:50},
{cod:[418,230,448,237,465,267,435,260,418,230], sdf:45},
{cod:[388,223,418,230,435,260,405,253,388,223], sdf:40},
{cod:[358,216,388,223,405,253,375,246,358,216], sdf:30},
{cod:[328,209,358,216,375,246,345,239,328,209], sdf:20},
{cod:[298,202,328,209,345,239,315,232,298,202], sdf:15},
{cod:[268,195,298,202,315,232,285,225,268,195], sdf:10},
{cod:[238,188,268,195,285,225,255,218,238,188], sdf:10},
{cod:[208,181,238,188,255,218,225,211,208,181], sdf:10},
//topleft second row
{cod:[581,242,611,249,628,279,598,272,581,242], sdf:95},
{cod:[551,235,581,242,598,272,568,265,551,235], sdf:80},
{cod:[521,228,551,235,568,265,538,258,521,228], sdf:70},
{cod:[491,221,521,228,538,258,508,251,491,221], sdf:60},
{cod:[461,214,491,221,508,251,478,244,461,214], sdf:50},
{cod:[431,207,461,214,478,244,448,237,431,207], sdf:40},
{cod:[401,200,431,207,448,237,418,230,401,200], sdf:30},
{cod:[371,193,401,200,418,230,388,223,371,193], sdf:25},
{cod:[341,186,371,193,388,223,358,216,341,186], sdf:20},
{cod:[311,179,341,186,358,216,328,209,311,179], sdf:15},
{cod:[281,172,311,179,328,209,298,202,281,172], sdf:10},
{cod:[251,165,281,172,298,202,268,195,251,165], sdf:10},
{cod:[221,158,251,165,268,195,238,188,221,158], sdf:5},
{cod:[191,151,221,158,238,188,208,181,191,151], sdf:2},
//topleft third row
{cod:[534,205,564,212,581,242,551,235,534,205], sdf:80},
{cod:[504,198,534,205,551,235,521,228,504,198], sdf:60},
{cod:[474,191,504,198,521,228,491,221,474,191], sdf:50},
{cod:[444,184,474,191,491,221,461,214,444,184], sdf:40},
{cod:[414,177,444,184,461,214,431,207,414,177], sdf:30},
{cod:[384,170,414,177,431,207,401,200,384,170], sdf:20},
{cod:[354,163,384,170,401,200,371,193,354,163], sdf:15},
{cod:[324,156,354,163,371,193,341,186,324,156], sdf:10},
{cod:[294,149,324,156,341,186,311,179,294,149], sdf:8},
{cod:[264,142,294,149,311,179,281,172,264,142], sdf:5},
{cod:[234,135,264,142,281,172,251,165,234,135], sdf:5},
{cod:[234,135,251,165,191,151,234,135], sdf:2},
//topleft fourth row
{cod:[517,175,547,182,564,212,534,205,517,175], sdf:70},
{cod:[487,168,517,175,534,205,504,198,487,168], sdf:60},
{cod:[457,161,487,168,504,198,474,191,457,161], sdf:50},
{cod:[427,154,457,161,474,191,444,184,427,154], sdf:40},
{cod:[397,147,427,154,444,184,414,177,397,147], sdf:30},
{cod:[367,140,397,147,414,177,384,170,367,140], sdf:20},
{cod:[337,133,367,140,384,170,354,163,337,133], sdf:10},
{cod:[307,126,337,133,354,163,324,156,307,126], sdf:8},
{cod:[277,119,307,126,324,156,294,149,277,119], sdf:5},
{cod:[277,119,294,149,234,135,277,119], sdf:2},
//topleft fifth row
{cod:[380,117,410,124,427,154,397,147,380,117], sdf:20},
{cod:[350,110,380,117,397,147,367,140,350,110], sdf:15},
{cod:[320,103,350,110,367,140,337,133,320,103], sdf:10},
{cod:[320,103,337,133,277,119,320,103], sdf:5},
//topleft sixth row
{cod:[363,87,393,94,410,124,380,117,363,87], sdf:10},
{cod:[363,87,380,117,320,103,363,87], sdf:5},
//top first row
{cod:[631,241,629,215,599,192,601,218,631,241], sdf:90},
{cod:[629,215,627,189,597,166,599,192,629,215], sdf:60},
{cod:[627,189,625,163,595,140,597,166,627,189], sdf:30},
{cod:[625,163,623,137,593,114,595,140,625,163], sdf:20},
{cod:[623,137,621,111,591,88,593,114,623,137], sdf:10},
//top second row
{cod:[601,218,599,192,569,169,571,195,601,218], sdf:80},
{cod:[599,192,597,166,567,143,569,169,599,192], sdf:45},
{cod:[597,166,595,140,565,117,567,143,597,166], sdf:30},
{cod:[595,140,591,88,563,91,565,117,595,140], sdf:10},
//top third row
{cod:[571,195,569,169,539,146,541,172,571,195], sdf:70},
{cod:[569,169,567,143,537,120,539,146,569,169], sdf:40},
{cod:[567,143,563,91,535,94,537,120,567,143], sdf:10},
//top fourth row
{cod:[541,172,539,146,509,123,511,149,541,172], sdf:50},
{cod:[539,146,535,94,507,97,509,123,539,146], sdf:10},
//top fifth row (+2, -26)
{cod:[511,149,507,97,479,100,481,126,511,149], sdf:40},
{cod:[541,172,481,126,483,152,541,172], sdf:10},
//top sixth row (-30, +23)
{cod:[483,152,481,126,451,103,453,129,483,152], sdf:30},
{cod:[481,126,479,100,421,80,481,126], sdf:10},
//top seventh row
{cod:[453,129,451,103,421,80,423,106,453,129], sdf:20},
{cod:[483,152,423,106,425,132,483,152], sdf:40},
{cod:[425,132,421,80,394,83,425,132], sdf:10},
//topright first row
{cod:[645,238,644,208,665,193,666,223,645,238], sdf:90},
{cod:[666,223,665,193,686,178,687,208,666,223], sdf:80},
{cod:[687,208,686,178,707,163,708,193,687,208], sdf:60},
{cod:[708,193,707,163,728,148,729,178,708,193], sdf:50},
{cod:[729,178,728,148,749,133,750,163,729,178], sdf:40},
{cod:[750,163,749,133,770,118,771,148,750,163], sdf:30},
{cod:[771,148,770,118,791,103,792,133,771,148], sdf:20},
{cod:[792,133,791,103,834,103,792,133], sdf:10},
//topright second row
{cod:[644,208,643,178,664,163,665,193,644,208], sdf:70},
{cod:[665,193,664,163,685,148,686,178,665,193], sdf:50},
{cod:[686,178,685,148,706,133,707,163,686,178], sdf:40},
{cod:[707,163,706,133,727,118,728,148,707,163], sdf:30},
{cod:[728,148,727,118,748,103,749,133,728,148], sdf:20},
{cod:[749,133,748,103,791,103,749,133], sdf:10},
//topright third row
{cod:[643,178,642,148,663,133,664,163,643,178], sdf:40},
{cod:[664,163,663,133,684,118,685,148,664,163], sdf:30},
{cod:[685,148,684,118,705,103,706,133,685,148], sdf:20},
{cod:[706,133,705,103,748,103,706,133], sdf:10},
//topright fourth row
{cod:[642,148,641,118,662,103,663,133,642,148], sdf:10},
{cod:[663,133,662,103,705,103,663,133], sdf:10},
//topright zero row
{cod:[708,193,771,148,772,178,708,193], sdf:50},
{cod:[772,178,771,148,792,133,793,163,772,178], sdf:40},
{cod:[793,163,792,133,813,118,814,148,793,163], sdf:30},
{cod:[814,148,813,118,834,103,835,133,814,148], sdf:20},
{cod:[835,133,834,103,877,103,835,133], sdf:10},
//topright -1 row
{cod:[772,178,835,133,836,163,772,178], sdf:40},
{cod:[836,163,835,133,856,118,857,148,836,163], sdf:30},
{cod:[857,148,856,118,877,103,878,133,857,148], sdf:20},
//topright -2 row
{cod:[836,163,878,133,879,157,836,163], sdf:20},
{cod:[879,157,877,103,899,118,900,143,879,157], sdf:10}